1 20 0
2 140 0
3 140 40
4 60 40
5 60 80
6 20 80

1 100 40
2 140 40
3 140 0
4 180 0
5 180 40
6 220 40
7 220 80
8 100 80

1 140 80
2 220 80
3 220 120
4 260 120
5 260 160
6 180 160
7 180 120
8 140 120

1 100 120
2 180 120
3 180 200
4 100 200

1 20 200
2 180 200
3 180 240
4 20 240

1 180 160
2 220 160
3 220 200
4 260 200
5 260 240
6 220 240
7 220 280
8 180 280

1 220 240
2 300 240
3 300 280
4 260 280
5 260 320
6 180 320
7 180 280
8 220 280

1 220 40
2 300 40
3 300 120
4 220 120

1 340 40
2 380 40
3 380 80
4 460 80
5 460 120
6 340 120

1 220 160
2 380 160
3 380 200
4 220 200

1 460 80
2 500 80
3 500 120
4 540 120
5 540 200
6 500 200
7 500 160
8 460 160

1 420 120
2 460 120
3 460 160
4 500 160
5 500 200
6 460 200
7 460 240
8 420 240

1 260 280
2 340 280
3 340 360
4 260 360

1 140 240
2 180 240
3 180 400
4 140 400

1 340 280
2 460 280
3 460 320
4 380 320
5 380 360
6 340 360

1 180 360
2 220 360
3 220 440
4 180 440
5 180 480
6 140 480
7 140 400
8 180 400

1 100 360
2 140 360
3 140 480
4 100 480
5 100 440
6 60 440
7 60 400
8 100 400

1 60 480
2 180 480
3 180 560
4 140 560
5 140 520
6 60 520

1 180 440
2 260 440
3 260 520
4 180 520

1 260 360
2 380 360
3 380 400
4 340 400
5 340 440
6 300 440
7 300 400
8 260 400

1 380 320
2 540 320
3 540 360
4 380 360

1 500 240
2 540 240
3 540 280
4 580 280
5 580 360
6 540 360
7 540 320
8 500 320

1 380 360
2 420 360
3 420 440
4 380 440
5 380 480
6 340 480
7 340 400
8 380 400

1 420 360
2 540 360
3 540 440
4 500 440
5 500 400
6 420 400

1 420 400
2 500 400
3 500 480
4 420 480

1 380 440
2 420 440
3 420 560
4 380 560
5 380 520
6 340 520
7 340 480
8 380 480

1 500 440
2 540 440
3 540 520
4 500 520
5 500 560
6 460 560
7 460 480
8 500 480