845902.880  997270.618  882.706         
845914.562  997263.782  884.132         
845920.985  997257.348  886.097         
845925.591  997249.568  888.020         
845925.533  997240.709  889.630         
845919.621  997226.793  892.085         
845922.115  997224.771  892.282         
845916.977  997216.154  893.725         
845913.656  997216.966  893.501         
845913.395  997194.546  896.463         
845908.598  997195.213  896.383         
845909.279  997177.201  898.380         
845904.109  997178.077  898.229         
845904.065  997155.802  900.148         
845901.920  997156.557  900.122         
845898.715  997157.664  900.053         
845885.701  997161.602  898.840         
845888.326  997177.916  897.213         
845893.356  997196.524  895.443         
845896.063  997211.198  893.389         
845899.215  997234.326  889.384         
845909.312  997233.226  889.958         
845915.942  997244.718  888.433         
845902.457  997253.749  885.384         
845893.005  997262.282  883.443         
845890.657  997270.029  881.884         
845896.959  997245.709  886.627         
845891.581  997230.503  889.831         
845886.791  997213.482  892.543         
845886.261  997198.563  894.743         
845877.203  997184.470  895.994         
845878.502  997182.115  896.082         
845876.175  997180.773  896.077         
845874.834  997183.185  895.906         
845873.888  997158.850  898.260         
845865.056  997160.230  896.833         
845871.013  997175.808  895.992         
845873.491  997187.838  895.272         
845875.002  997192.133  894.489         
845869.957  997189.638  893.918         
845867.022  997179.802  894.513         
845876.231  997205.841  893.128         
845878.173  997221.637  890.686         
845876.428  997225.517  889.492         
845884.403  997238.567  887.179         
845876.495  997246.713  885.572         
845875.177  997253.976  884.251         
845872.639  997263.329  881.927         
845886.815  997267.892  881.955         
845866.299  997267.929  881.476         
845861.528  997251.372  883.759         
845860.527  997239.483  885.801         
845860.031  997220.410  888.987         
845867.306  997213.686  890.832         
845866.722  997202.553  892.234         
845864.117  997189.400  892.867         
845859.617  997180.846  893.394         
845855.946  997182.132  892.645         
845860.065  997194.983  891.445         
845860.930  997199.839  890.624         
845863.187  997209.550  889.932         
845857.546  997212.853  889.548         
845859.653  997217.991  889.341         
845861.061  997215.715  890.573         
845860.204  997214.511  890.572         
845856.237  997214.096  889.637         
845855.632  997216.059  890.553         
845856.788  997218.087  890.278         
845858.471  997221.318  888.805         
845851.399  997223.260  888.761         
845843.688  997221.809  888.851         
845834.356  997214.983  889.913         
845831.844  997210.167  890.979         
845832.899  997202.676  891.430         
845834.878  997208.010  890.218         
845847.438  997213.751  889.555         
845849.999  997217.778  890.571         
845850.021  997216.155  890.683         
845840.370  997212.413  890.653         
845839.804  997213.971  890.600         
845833.142  997208.662  890.990         
845840.806  997194.126  891.771         
845847.912  997189.567  891.969         
845851.162  997190.323  892.086         
845851.528  997186.170  892.296         
845854.505  997183.478  892.476         
845854.332  997190.354  891.517         
845853.976  997196.463  890.586         
845857.905  997192.889  891.637         
845853.502  997204.832  889.915         
845845.358  997204.385  889.948         
845841.402  997199.145  890.615         
845848.042  997196.867  890.509         
845849.576  997192.241  891.132         
845850.678  997173.521  893.488         
845850.352  997159.090  894.997         
845836.762  997156.165  895.883         
845835.662  997177.176  894.053         
845830.348  997194.744  892.843         
845840.568  997190.069  892.480         
845823.113  997166.675  896.721         
845826.604  997192.070  893.216         
845821.616  997213.436  891.292         
845827.147  997228.173  888.570         
845832.355  997244.592  887.112         
845833.504  997263.889  884.817         
845834.342  997270.104  883.692         
845849.319  997271.260  882.374         
845853.191  997245.306  885.132         
845856.757  997251.881  884.535         
845845.181  997243.917  885.772         
845850.230  997236.732  887.042         
845836.607  997234.105  887.905         
845836.244  997251.542  886.283         
845838.484  997261.147  884.901         
845821.206  997270.542  884.763         
845821.215  997257.485  886.094         
845819.281  997242.294  887.519         
845816.252  997227.974  889.281         
845818.727  997212.212  891.796         
845809.955  997222.258  891.163         
845803.233  997234.792  889.519         
845812.272  997231.729  889.218         
845807.900  997243.169  888.210         
845802.386  997270.244  886.188         
845788.181  997272.198  886.451         
845778.086  997272.505  887.434         
845771.880  997267.129  888.897         
845773.132  997257.200  890.140         
845784.292  997259.925  888.284         
845790.598  997244.298  889.724         
845788.576  997229.148  891.909         
845798.683  997211.700  893.484         
845802.817  997203.983  894.163         
845809.522  997191.114  895.268         
845812.145  997184.959  895.685         
845815.110  997179.470  895.943         
845824.657  997175.831  895.117         
845830.570  997180.104  893.835         
845824.451  997188.785  893.672         
845816.376  997200.862  893.149         
845828.544  997158.252  896.875         
845836.259  997166.505  894.854         
845851.353  997167.984  893.802         
845850.475  997154.884  895.375         
845842.895  997154.064  895.459         
845831.734  997142.457  897.728         
845828.973  997136.266  897.961         
845822.428  997137.237  899.182         
845813.848  997135.427  900.205         
845802.786  997133.073  901.396         
845802.873  997148.699  900.616         
845813.091  997153.808  899.124         
845824.857  997159.564  897.479         
845828.285  997150.331  898.098         
845827.481  997138.979  898.784         
845880.284  997167.677  897.779         
845861.292  997215.838  890.520         
845853.661  997214.970  889.560         
845851.117  997214.644  889.827         
845845.451  997214.228  890.300         
845842.876  997213.163  890.366         
845837.178  997210.486  890.534         
845903.03   997154.09   900.37               
845884.36   997157.29   899.26               
845868.92   997159.01   897.55               
845864.29   997159.48   896.75               
845853.05   997159.44   895.04               
845836.08   997161.55   895.39               
845829.92   997151.64   897.28               
845831.53   997139.59   897.94               
845826.79   997135.90   898.50               
845822.90   997136.29   898.97               
845822.88   997138.06   899.17               
845825.14   997138.66   899.03               
845828.19   997149.28   898.11               
845826.37   997155.41   897.75               
845817.01   997155.59   898.64               
845802.06   997154.50   900.24               
845799.63   997154.10   901.02             
845793.39   997153.44   900.73             
845793.89   997136.23   901.85             
845800.27   997135.78   902.15             
845802.84   997135.61   901.20               
845819.22   997132.73   899.60               
845835.49   997130.94   897.72               
845841.39   997129.98   897.33               
845853.95   997126.22   899.60               
845871.36   997122.73   901.72               
845895.01   997117.03   903.97               
845892.51   997099.40   905.41               
845875.04   997102.56   903.90               
845859.03   997106.54   902.07               
845847.50   997108.50   900.62               
845835.17   997110.63   899.07               
845817.93   997113.33   900.73               
845801.62   997114.93   902.87               
845799.04   997115.19   903.58             
845792.88   997115.40   903.42             
845791.78   997098.80   904.73             
845797.81   997097.97   904.81             
845801.46   997097.78   903.93               
845818.55   997096.52   901.70               
845823.73   997096.18   901.01               
845827.76   997096.04   901.04               
845833.30   997095.85   900.66               
845849.61   997093.92   902.36               
845865.55   997090.65   904.27               
845889.16   997083.37   906.28               
845884.69   997065.74   907.59               
845867.98   997070.27   906.29               
845852.16   997074.82   904.72               
845836.06   997078.47   902.51               
845828.14   997079.97   902.01               
845819.72   997082.12   902.35               
845804.03   997084.30   904.36               
845799.55   997085.34   904.84               
845796.52   997085.72   905.65             
845790.76   997086.10   905.55             
845789.35   997069.38   906.68             
845794.83   997068.67   906.83             
845798.30   997068.24   905.96               
845814.76   997067.02   903.91               
845825.46   997065.58   903.13               
845831.96   997064.09   903.38               
845847.58   997059.22   905.43               
845862.25   997053.00   907.03               
845878.79   997044.35   908.58               
845873.95   997027.65   909.78               
845859.28   997035.25   908.17               
845843.08   997040.15   906.35               
845825.90   997043.09   905.21               
845809.06   997046.22   905.67               
845796.09   997047.08   907.14               
845793.06   997046.57   908.04             
845787.62   997046.69   907.86             
845786.17   997028.84   908.77             
845791.64   997028.28   908.95             
845794.19   997027.92   908.20               
845811.71   997025.91   906.62               
845828.57   997024.21   907.06               
845844.46   997018.80   908.26               
845859.71   997007.11   910.78               
845845.56   996997.96   910.70               
845833.34   997009.86   908.84               
845817.78   997016.32   907.61               
845800.82   997019.96   907.73               
845794.00   997020.85   908.43               
845790.96   997021.06   909.33             
845785.41   997021.39   909.08             
845783.64   997004.47   910.02             
845789.52   997003.76   910.17             
845793.49   997003.66   908.74               
845810.56   996999.54   908.89               
845823.14   996994.24   910.15               
845829.48   996990.10   910.60               
845815.28   996984.27   911.14               
845799.32   996981.34   911.03               
845786.09   996980.72   911.32             
845778.70   996983.08   911.06             
845782.17   996993.74   910.47             
845792.64   996998.08   909.23               
845802.30   996999.44   908.91               
845799.88   996994.42   909.43               
845802.19   996992.77   909.51               
845806.25   996994.33   909.35               
845802.35   996999.55   908.87               
845811.10   996992.05   909.67               
845785.11   996974.97   911.54             
845802.00   996978.56   911.17               
845818.88   996981.96   911.05               
845829.39   996984.23   911.05               
845798.15   997161.74   900.51             
845793.21   997177.46   899.37             
845786.23   997192.78   898.10             
845775.72   997211.15   896.59             
845770.58   997208.21   896.59             
845781.09   997190.54   898.03             
845788.23   997174.84   899.14             
845792.72   997158.27   900.44             
845801.05   997159.02   899.97               
845797.19   997176.33   898.34               
845789.67   997193.65   897.09               
845778.92   997212.39   895.72               
845791.73   997211.91   894.37               
845802.48   997200.85   894.96               
845807.71   997190.37   895.71               
845808.87   997186.82   896.44               
845809.64   997183.40   896.85               
845819.01   997169.89   897.26               
845810.72   997165.43   898.20               
845802.89   997179.51   897.36               
845801.03   997157.73   900.12               
845897.70   997130.43   902.77                    
845886.18   997133.61   901.90                    
845870.16   997137.97   900.03                    
845858.05   997141.08   898.05                    
845849.17   997143.86   896.18                    
845800.27   997131.89   902.53               
845795.85   997071.45   906.68               
845794.05   997048.64   907.99               
845792.20   997025.36   909.19               
845791.26   997012.66   909.74               
845790.06   997000.80   910.21               
845788.15   996989.32   910.88               
845797.34   997167.50   900.12               
845795.63   997173.13   899.64               
845792.40   997180.80   899.11               
845793.31   997239.98   889.98               
845793.20   997253.44   888.31               
845801.14   997231.20   890.56               
845808.48   997234.34   889.21               
845809.89   997241.59   888.20               
845810.31   997251.59   887.21               
845818.85   997254.64   886.53               
845821.46   997246.20   887.09               
845819.61   997236.52   888.12               
845826.33   997244.31   887.16               
845834.19   997248.12   886.65               
845844.83   997239.28   886.42               
845855.21   997244.49   885.19               
845866.80   997252.13   883.99               
845874.92   997257.73   883.28               
845883.22   997264.54   882.16               
845887.86   997270.43   881.80               

